  0.832475000773300      -0.239287414209510      -0.124254614577862     
  1.572156633714715E-004 -0.275672730699661       7.734199177913233E-003
 -1.162731293949639E-005  1.855214413020156E-002  1.879924906541759E-002
  1.386005503823085E-002 -2.564609152686410E-005  3.581640452048755E-002
 -9.936939034950285E-004  2.090779752675204E-006 -2.850652197851028E-003
  0.988198366980275       1.308796351687715E-003  0.200866758955830     
 -0.131932711266387      -9.258025092683070E-005 -1.636583935410389E-002
   1.01423118876527       1.135799186229359E-003 -9.189720353811692E-005
 -0.135038692393601      -7.945100157232956E-005   1.15770407983229     
 -1.630874812715281E-002 -7.971795587738611E-005 -0.157468794372006     
  4.725915611838975E-003  7.261020886565540E-006  1.429860049102746E-003
  4.821265078042897E-003  6.361249544107929E-006  5.786743513985196E-003
  0.000000000000000E+000  0.000000000000000E+000  0.000000000000000E+000
  0.000000000000000E+000  0.000000000000000E+000  0.000000000000000E+000
  0.000000000000000E+000  0.000000000000000E+000  0.000000000000000E+000
  0.000000000000000E+000  0.000000000000000E+000  0.000000000000000E+000
  0.000000000000000E+000  0.000000000000000E+000  0.000000000000000E+000
  0.000000000000000E+000  0.000000000000000E+000  0.000000000000000E+000
  0.000000000000000E+000  0.000000000000000E+000  0.000000000000000E+000
  0.000000000000000E+000  0.000000000000000E+000  0.000000000000000E+000
  0.000000000000000E+000  0.000000000000000E+000  0.000000000000000E+000
  0.000000000000000E+000  0.000000000000000E+000  0.000000000000000E+000
  0.000000000000000E+000  0.000000000000000E+000  0.000000000000000E+000
  0.000000000000000E+000  0.000000000000000E+000  0.000000000000000E+000
  0.000000000000000E+000  0.000000000000000E+000  0.000000000000000E+000
  0.000000000000000E+000  0.000000000000000E+000  0.000000000000000E+000
  0.000000000000000E+000  0.000000000000000E+000  0.000000000000000E+000
  0.000000000000000E+000  0.000000000000000E+000  0.000000000000000E+000
  0.000000000000000E+000  0.000000000000000E+000  0.000000000000000E+000
  0.000000000000000E+000  0.000000000000000E+000  0.000000000000000E+000
  0.000000000000000E+000  0.000000000000000E+000  0.000000000000000E+000
  0.000000000000000E+000  0.000000000000000E+000  0.000000000000000E+000
  0.000000000000000E+000  0.000000000000000E+000  0.000000000000000E+000
  0.000000000000000E+000  0.000000000000000E+000  0.000000000000000E+000
  0.000000000000000E+000  0.000000000000000E+000  0.000000000000000E+000
  0.000000000000000E+000  0.000000000000000E+000  0.000000000000000E+000
  0.000000000000000E+000  0.000000000000000E+000  0.000000000000000E+000
  0.000000000000000E+000  0.000000000000000E+000  0.000000000000000E+000
  0.000000000000000E+000  0.000000000000000E+000  0.000000000000000E+000
  0.000000000000000E+000  0.000000000000000E+000  0.000000000000000E+000
  0.000000000000000E+000  0.000000000000000E+000  0.000000000000000E+000
  0.000000000000000E+000  0.000000000000000E+000  0.000000000000000E+000
  0.000000000000000E+000  0.000000000000000E+000  0.000000000000000E+000
  0.000000000000000E+000  0.000000000000000E+000  0.000000000000000E+000
  0.000000000000000E+000  0.000000000000000E+000  0.000000000000000E+000
  0.000000000000000E+000  0.000000000000000E+000  0.000000000000000E+000
  0.000000000000000E+000  0.000000000000000E+000  0.000000000000000E+000
  0.000000000000000E+000  0.000000000000000E+000  0.000000000000000E+000
  0.000000000000000E+000  0.000000000000000E+000  0.000000000000000E+000
  0.000000000000000E+000  0.000000000000000E+000  0.000000000000000E+000
  0.000000000000000E+000  0.000000000000000E+000  0.000000000000000E+000
  0.000000000000000E+000  0.000000000000000E+000  0.000000000000000E+000
  0.000000000000000E+000  0.000000000000000E+000  0.000000000000000E+000
  0.000000000000000E+000  0.000000000000000E+000  0.000000000000000E+000
  0.000000000000000E+000  0.000000000000000E+000  0.000000000000000E+000
  0.000000000000000E+000  0.000000000000000E+000  0.000000000000000E+000
  0.000000000000000E+000  0.000000000000000E+000  0.000000000000000E+000
  0.916523616404336      -0.264363387510575       4.498844899580051E-002
  2.542531408912117E-007  4.651696301652964E-002 -7.797022900503563E-004
  6.795369355539724E-006 -1.447592342279458E-003  2.111315571546553E-002
 -4.405647764357114E-004  1.422389771289718E-005 -2.339780164597542E-003
 -3.530245847881678E-004 -1.986425642966098E-006 -1.366860091975019E-005
   1.25485304125915      -3.274425488708609E-004 -0.386065380649082     
 -0.170222260969324       3.175894443277117E-005  2.935344303807359E-002
   1.18394102136519      -3.898698142890040E-004  3.157574167627359E-005
 -0.158758518207820       3.043331298574852E-005   1.21422503147983     
  2.913458750335421E-002  3.042426674608042E-005 -0.161301381305898     
  6.283884602144450E-003 -3.099308056623611E-006 -2.468855612614179E-003
  5.760935634700459E-003 -2.538132638251370E-006  5.828242880116951E-003
  0.000000000000000E+000  0.000000000000000E+000  0.000000000000000E+000
  0.000000000000000E+000  0.000000000000000E+000  0.000000000000000E+000
  0.000000000000000E+000  0.000000000000000E+000  0.000000000000000E+000
  0.000000000000000E+000  0.000000000000000E+000  0.000000000000000E+000
  0.000000000000000E+000  0.000000000000000E+000  0.000000000000000E+000
  0.000000000000000E+000  0.000000000000000E+000  0.000000000000000E+000
  0.000000000000000E+000  0.000000000000000E+000  0.000000000000000E+000
  0.000000000000000E+000  0.000000000000000E+000  0.000000000000000E+000
  0.000000000000000E+000  0.000000000000000E+000  0.000000000000000E+000
  0.000000000000000E+000  0.000000000000000E+000  0.000000000000000E+000
  0.000000000000000E+000  0.000000000000000E+000  0.000000000000000E+000
  0.000000000000000E+000  0.000000000000000E+000  0.000000000000000E+000
  0.000000000000000E+000  0.000000000000000E+000  0.000000000000000E+000
  0.000000000000000E+000  0.000000000000000E+000  0.000000000000000E+000
  0.000000000000000E+000  0.000000000000000E+000  0.000000000000000E+000
  0.000000000000000E+000  0.000000000000000E+000  0.000000000000000E+000
  0.000000000000000E+000  0.000000000000000E+000  0.000000000000000E+000
  0.000000000000000E+000  0.000000000000000E+000  0.000000000000000E+000
  0.000000000000000E+000  0.000000000000000E+000  0.000000000000000E+000
  0.000000000000000E+000  0.000000000000000E+000  0.000000000000000E+000
  0.000000000000000E+000  0.000000000000000E+000  0.000000000000000E+000
  0.000000000000000E+000  0.000000000000000E+000  0.000000000000000E+000
  0.000000000000000E+000  0.000000000000000E+000  0.000000000000000E+000
  0.000000000000000E+000  0.000000000000000E+000  0.000000000000000E+000
  0.000000000000000E+000  0.000000000000000E+000  0.000000000000000E+000
  0.000000000000000E+000  0.000000000000000E+000  0.000000000000000E+000
  0.000000000000000E+000  0.000000000000000E+000  0.000000000000000E+000
  0.000000000000000E+000  0.000000000000000E+000  0.000000000000000E+000
  0.000000000000000E+000  0.000000000000000E+000  0.000000000000000E+000
  0.000000000000000E+000  0.000000000000000E+000  0.000000000000000E+000
  0.000000000000000E+000  0.000000000000000E+000  0.000000000000000E+000
  0.000000000000000E+000  0.000000000000000E+000  0.000000000000000E+000
  0.000000000000000E+000  0.000000000000000E+000  0.000000000000000E+000
  0.000000000000000E+000  0.000000000000000E+000  0.000000000000000E+000
  0.000000000000000E+000  0.000000000000000E+000  0.000000000000000E+000
  0.000000000000000E+000  0.000000000000000E+000  0.000000000000000E+000
  0.000000000000000E+000  0.000000000000000E+000  0.000000000000000E+000
  0.000000000000000E+000  0.000000000000000E+000  0.000000000000000E+000
  0.000000000000000E+000  0.000000000000000E+000  0.000000000000000E+000
  0.000000000000000E+000  0.000000000000000E+000  0.000000000000000E+000
  0.000000000000000E+000  0.000000000000000E+000  0.000000000000000E+000
  0.000000000000000E+000  0.000000000000000E+000  0.000000000000000E+000
  0.000000000000000E+000  0.000000000000000E+000  0.000000000000000E+000
  0.000000000000000E+000  0.000000000000000E+000  0.000000000000000E+000
  0.000000000000000E+000  0.000000000000000E+000  0.000000000000000E+000
   2.01428001834741      -7.743648601470843E-002 -1.701010833638374E-003
 -2.292499110650833E-006  5.460427974249060E-004  5.235011600943673E-003
  5.761232315674561E-006 -2.160086776034851E-003  2.959216545947722E-002
  3.778492082431628E-004  4.953215676371861E-002  4.797380657048121E-002
 -8.032117880108931E-005 -5.673510511033406E-002 -8.247878022658655E-004
 -9.907821552531763E-002 -9.582671467437408E-002  3.180034355617205E-004
  0.891797261268765       2.212242552420889E-002  3.460141606633547E-005
 -7.880028170850359E-003  0.131879580257459       7.845215597932176E-005
 -0.101671570606382       0.177002862948163       1.889237797904311E-003
  0.481700736867188       0.384238918003786      -6.710286541438445E-004
 -0.374239924396794      -3.558565791928378E-003 -0.813173984968764     
 -0.429111919591693       2.465835622637001E-004   2.00057539254917     
  5.962891191630730E-006  7.007528120718682E-004  2.633041990285697E-002
 -5.248417309699462E-005 -7.017411346699320E-003 -5.210677195872497E-002
 -8.039796700176163E-005  1.083969606241112E-002  4.454227768640649E-003
 -2.512199934091669E-005  9.291681716413989E-002  1.294419184317743E-004
 -1.572873043639510E-002 -3.661451507407605E-003  4.954524522511054E-005
   2.00050694524039      -2.155131360277660E-006 -5.361778828272808E-005
  2.919269120147051E-002  1.360329103659720E-005  4.219684205515233E-005
 -4.175262050811451E-002 -4.126841117402474E-005 -4.294097926530669E-005
  5.593723656670066E-003 -4.978460611965176E-005  5.639641910633598E-002
  1.166662392731380E-004 -4.916049593775014E-005 -1.968876913760342E-002
   1.99978376752606      -7.043558458489071E-003  1.422141278720994E-005
  3.995068410860479E-002  4.526937270081955E-004 -4.008365082879556E-005
 -5.704696936693579E-002 -4.146640599809826E-003 -1.335139415569878E-004
 -5.195749963751531E-004  7.453465708778272E-005  7.264009719620562E-002
 -1.262557518075941E-002  3.051314500944007E-004  0.212504433205684     
 -3.399344157957495E-004 -7.703839906735793E-002  8.565857900365290E-002
  2.853169263595599E-004  0.143798721892975       0.118081650528372     
  2.611341969148994E-005 -0.121344155314047      -3.914498312284929E-004
 -0.220929576061106      -0.179224847488603      -8.003248246591413E-006
  0.217263510785187       9.971704846933867E-005  4.250387490215825E-004
 -0.241326381688156       1.981640627493982E-004 -1.848952095718504E-003
 -0.158937037113450      -5.919805779062931E-004  0.265995470146005     
  3.848276176718174E-004  2.108483917026972E-003  0.212078977568911     
  0.273393748393646      -3.991774792021670E-002 -1.849790644762877E-004
 -0.553633961365255      -0.421899235561386       1.092628053199086E-003
  5.879962065037709E-002  4.306083264498982E-004  0.785668862405609     
  0.520364370950931      -8.360562808312293E-004   2.68547692783586     
 -1.066077206943021E-002  0.757138835959938        1.62784001788673     
 -4.073718739002849E-003  -4.09736496892248       2.090825955239135E-002
 -0.459268020354225       -2.91348646103613       1.147176825443791E-002
   4.45209851583772      -7.134365378934754E-003  1.105115493837669E-002
   1.00145576126043       2.162893839464398E-002  -10.4992473797442     
  1.283422436351756E-002 -1.973535090917516E-002  -1.50591783563193     
   3.20147927792909        2.66862384715220      -1.327429942290498E-002
 -0.440428383117690       1.333509040628449E-002  -6.24945399410718     
  -4.03603516591055       1.954334758646695E-002   4.47405076169228     
 -7.673547006741375E-003  -2.99810530175411      -2.079668829319199E-002
  -4.11218971959863       -9.65894064483164       8.450755649717418E-003
   2.54179139315401       1.197506618527078E-002  -1.59598878640174     
  1.948479206313272E-002  8.278741707895753E-003  -4.47396027331035     
   2.86110242923107      -2.325605501710982E-002  0.601825762163366     
   3.22637730182748      -1.657290962560433E-002   6.42485337176405     
 -1.409420611442715E-002  2.228982872921127E-002   1.37112802370503     
   4.16894720985044        4.57406231470193      -1.407342741351016E-002
   5.94404570573139      -1.146075583150374E-002   3.20652378095719     
   2.11461184917564      -0.486861615199424       5.963165797142574E-002
  5.071645177394596E-004  0.218526343220141      -8.975617186101159E-002
 -8.748059909990864E-004 -0.370923153175554       3.814736160538720E-002
 -3.992735355211546E-002 -4.392647359188263E-004 -0.199114128752405     
  2.525142318820828E-002  3.275971045260745E-004  0.157272867469081     
   3.46962785907998       6.657875504155412E-004 -0.333090478036187     
  -3.63633850372796       2.845625391415288E-004  0.380433942205892     
   3.38653393145434       1.452647183857113E-003  2.712662363666409E-004
  -3.37336763699671      -1.153331047715990E-003   3.71351255617095     
  0.380648317674495      -1.160524559396256E-003  -4.31791628002306     
  0.978173914738406      -4.480571802481563E-004 -0.315224120143545     
  0.868109582058707       9.001896856159140E-004   1.29415770229033     
  0.000000000000000E+000  0.000000000000000E+000  0.000000000000000E+000
  0.000000000000000E+000  0.000000000000000E+000  0.000000000000000E+000
  0.000000000000000E+000  0.000000000000000E+000  0.000000000000000E+000
  0.000000000000000E+000  0.000000000000000E+000  0.000000000000000E+000
  0.000000000000000E+000  0.000000000000000E+000  0.000000000000000E+000
  0.000000000000000E+000  0.000000000000000E+000  0.000000000000000E+000
  0.000000000000000E+000  0.000000000000000E+000  0.000000000000000E+000
  0.000000000000000E+000  0.000000000000000E+000  0.000000000000000E+000
  0.000000000000000E+000  0.000000000000000E+000  0.000000000000000E+000
  0.000000000000000E+000  0.000000000000000E+000  0.000000000000000E+000
  0.000000000000000E+000  0.000000000000000E+000  0.000000000000000E+000
  0.000000000000000E+000  0.000000000000000E+000  0.000000000000000E+000
  0.000000000000000E+000  0.000000000000000E+000  0.000000000000000E+000
  0.000000000000000E+000  0.000000000000000E+000  0.000000000000000E+000
  0.000000000000000E+000  0.000000000000000E+000  0.000000000000000E+000
  0.000000000000000E+000  0.000000000000000E+000  0.000000000000000E+000
  0.000000000000000E+000  0.000000000000000E+000  0.000000000000000E+000
  0.000000000000000E+000  0.000000000000000E+000  0.000000000000000E+000
  0.000000000000000E+000  0.000000000000000E+000  0.000000000000000E+000
  0.000000000000000E+000  0.000000000000000E+000  0.000000000000000E+000
  0.000000000000000E+000  0.000000000000000E+000  0.000000000000000E+000
  0.000000000000000E+000  0.000000000000000E+000  0.000000000000000E+000
  0.000000000000000E+000  0.000000000000000E+000  0.000000000000000E+000
  0.000000000000000E+000  0.000000000000000E+000  0.000000000000000E+000
  0.000000000000000E+000  0.000000000000000E+000  0.000000000000000E+000
  0.000000000000000E+000  0.000000000000000E+000  0.000000000000000E+000
  0.000000000000000E+000  0.000000000000000E+000  0.000000000000000E+000
  0.000000000000000E+000  0.000000000000000E+000  0.000000000000000E+000
  0.000000000000000E+000  0.000000000000000E+000  0.000000000000000E+000
  0.000000000000000E+000  0.000000000000000E+000  0.000000000000000E+000
  0.000000000000000E+000  0.000000000000000E+000  0.000000000000000E+000
  0.000000000000000E+000  0.000000000000000E+000  0.000000000000000E+000
  0.000000000000000E+000  0.000000000000000E+000  0.000000000000000E+000
  0.000000000000000E+000  0.000000000000000E+000  0.000000000000000E+000
  0.000000000000000E+000  0.000000000000000E+000  0.000000000000000E+000
  0.000000000000000E+000  0.000000000000000E+000  0.000000000000000E+000
  0.000000000000000E+000  0.000000000000000E+000  0.000000000000000E+000
  0.000000000000000E+000  0.000000000000000E+000  0.000000000000000E+000
  0.000000000000000E+000  0.000000000000000E+000  0.000000000000000E+000
  0.000000000000000E+000  0.000000000000000E+000  0.000000000000000E+000
  0.000000000000000E+000  0.000000000000000E+000  0.000000000000000E+000
  0.000000000000000E+000  0.000000000000000E+000  0.000000000000000E+000
  0.000000000000000E+000  0.000000000000000E+000  0.000000000000000E+000
  0.000000000000000E+000  0.000000000000000E+000  0.000000000000000E+000
  0.000000000000000E+000  0.000000000000000E+000  0.000000000000000E+000
   2.11055216550357      -0.523326071957901      -1.056876993904834E-002
 -1.610358950877367E-004 -9.215721647680453E-002  1.000250366424656E-002
  3.634629673367929E-004  0.192971573721893       4.081862571309949E-002
 -1.523458427164780E-003  2.460952411297888E-004  0.128632985238586     
  4.207935354103342E-003 -1.825652621791921E-004 -0.101852837750126     
   3.72009905161321       1.792542121490241E-004  8.146936935245801E-002
  -4.04816190986141      -7.259271757460419E-005 -4.639902359304274E-002
   3.75968779527838      -7.397185391172518E-004 -8.161508961947476E-005
  -4.08091657274626       1.337955057635628E-004   3.56075356810439     
 -4.619004609081680E-002  1.291893792623155E-004  -4.00046088309694     
   1.11924977592158       2.157988978465365E-005  2.355020795732125E-002
   1.12583936981046       7.465658282804596E-005   1.14234777917157     
  0.000000000000000E+000  0.000000000000000E+000  0.000000000000000E+000
  0.000000000000000E+000  0.000000000000000E+000  0.000000000000000E+000
  0.000000000000000E+000  0.000000000000000E+000  0.000000000000000E+000
  0.000000000000000E+000  0.000000000000000E+000  0.000000000000000E+000
  0.000000000000000E+000  0.000000000000000E+000  0.000000000000000E+000
  0.000000000000000E+000  0.000000000000000E+000  0.000000000000000E+000
  0.000000000000000E+000  0.000000000000000E+000  0.000000000000000E+000
  0.000000000000000E+000  0.000000000000000E+000  0.000000000000000E+000
  0.000000000000000E+000  0.000000000000000E+000  0.000000000000000E+000
  0.000000000000000E+000  0.000000000000000E+000  0.000000000000000E+000
  0.000000000000000E+000  0.000000000000000E+000  0.000000000000000E+000
  0.000000000000000E+000  0.000000000000000E+000  0.000000000000000E+000
  0.000000000000000E+000  0.000000000000000E+000  0.000000000000000E+000
  0.000000000000000E+000  0.000000000000000E+000  0.000000000000000E+000
  0.000000000000000E+000  0.000000000000000E+000  0.000000000000000E+000
  0.000000000000000E+000  0.000000000000000E+000  0.000000000000000E+000
  0.000000000000000E+000  0.000000000000000E+000  0.000000000000000E+000
  0.000000000000000E+000  0.000000000000000E+000  0.000000000000000E+000
  0.000000000000000E+000  0.000000000000000E+000  0.000000000000000E+000
  0.000000000000000E+000  0.000000000000000E+000  0.000000000000000E+000
  0.000000000000000E+000  0.000000000000000E+000  0.000000000000000E+000
  0.000000000000000E+000  0.000000000000000E+000  0.000000000000000E+000
  0.000000000000000E+000  0.000000000000000E+000  0.000000000000000E+000
  0.000000000000000E+000  0.000000000000000E+000  0.000000000000000E+000
  0.000000000000000E+000  0.000000000000000E+000  0.000000000000000E+000
  0.000000000000000E+000  0.000000000000000E+000  0.000000000000000E+000
  0.000000000000000E+000  0.000000000000000E+000  0.000000000000000E+000
  0.000000000000000E+000  0.000000000000000E+000  0.000000000000000E+000
  0.000000000000000E+000  0.000000000000000E+000  0.000000000000000E+000
  0.000000000000000E+000  0.000000000000000E+000  0.000000000000000E+000
  0.000000000000000E+000  0.000000000000000E+000  0.000000000000000E+000
  0.000000000000000E+000  0.000000000000000E+000  0.000000000000000E+000
  0.000000000000000E+000  0.000000000000000E+000  0.000000000000000E+000
  0.000000000000000E+000  0.000000000000000E+000  0.000000000000000E+000
  0.000000000000000E+000  0.000000000000000E+000  0.000000000000000E+000
  0.000000000000000E+000  0.000000000000000E+000  0.000000000000000E+000
  0.000000000000000E+000  0.000000000000000E+000  0.000000000000000E+000
  0.000000000000000E+000  0.000000000000000E+000  0.000000000000000E+000
  0.000000000000000E+000  0.000000000000000E+000  0.000000000000000E+000
  0.000000000000000E+000  0.000000000000000E+000  0.000000000000000E+000
  0.000000000000000E+000  0.000000000000000E+000  0.000000000000000E+000
  0.000000000000000E+000  0.000000000000000E+000  0.000000000000000E+000
  0.000000000000000E+000  0.000000000000000E+000  0.000000000000000E+000
  0.000000000000000E+000  0.000000000000000E+000  0.000000000000000E+000
  0.000000000000000E+000  0.000000000000000E+000  0.000000000000000E+000
   2.11654875787517      -0.501845160610282      -0.122103646135548     
 -2.553565885985956E-004 -6.952962303649440E-002  0.284654443951155     
  6.137014063651385E-004  0.151953070585207       4.078269427582367E-002
  0.196621234163785       4.177270921245971E-004  9.756749680573143E-002
 -0.144839576504175      -2.978910194859432E-004 -6.841289167375789E-002
   3.52461413733817      -9.449882497955823E-005 -0.112754804829769     
  -3.78528086471895       4.870102585623774E-004 -2.801909487198826E-002
   3.53469985067962       3.841343796447884E-004  4.956764904170698E-004
  -4.03815088958032       2.498648797227810E-004   3.72912636090991     
 -2.769448893966124E-002  2.387496874419479E-004  -3.89117769525432     
   1.04918327218249      -4.818512333849070E-004  5.921508575116115E-002
   1.17406659291789      -3.571914529933497E-004   1.05042764106726     
  0.000000000000000E+000  0.000000000000000E+000  0.000000000000000E+000
  0.000000000000000E+000  0.000000000000000E+000  0.000000000000000E+000
  0.000000000000000E+000  0.000000000000000E+000  0.000000000000000E+000
  0.000000000000000E+000  0.000000000000000E+000  0.000000000000000E+000
  0.000000000000000E+000  0.000000000000000E+000  0.000000000000000E+000
  0.000000000000000E+000  0.000000000000000E+000  0.000000000000000E+000
  0.000000000000000E+000  0.000000000000000E+000  0.000000000000000E+000
  0.000000000000000E+000  0.000000000000000E+000  0.000000000000000E+000
  0.000000000000000E+000  0.000000000000000E+000  0.000000000000000E+000
  0.000000000000000E+000  0.000000000000000E+000  0.000000000000000E+000
  0.000000000000000E+000  0.000000000000000E+000  0.000000000000000E+000
  0.000000000000000E+000  0.000000000000000E+000  0.000000000000000E+000
  0.000000000000000E+000  0.000000000000000E+000  0.000000000000000E+000
  0.000000000000000E+000  0.000000000000000E+000  0.000000000000000E+000
  0.000000000000000E+000  0.000000000000000E+000  0.000000000000000E+000
  0.000000000000000E+000  0.000000000000000E+000  0.000000000000000E+000
  0.000000000000000E+000  0.000000000000000E+000  0.000000000000000E+000
  0.000000000000000E+000  0.000000000000000E+000  0.000000000000000E+000
  0.000000000000000E+000  0.000000000000000E+000  0.000000000000000E+000
  0.000000000000000E+000  0.000000000000000E+000  0.000000000000000E+000
  0.000000000000000E+000  0.000000000000000E+000  0.000000000000000E+000
  0.000000000000000E+000  0.000000000000000E+000  0.000000000000000E+000
  0.000000000000000E+000  0.000000000000000E+000  0.000000000000000E+000
  0.000000000000000E+000  0.000000000000000E+000  0.000000000000000E+000
  0.000000000000000E+000  0.000000000000000E+000  0.000000000000000E+000
  0.000000000000000E+000  0.000000000000000E+000  0.000000000000000E+000
  0.000000000000000E+000  0.000000000000000E+000  0.000000000000000E+000
  0.000000000000000E+000  0.000000000000000E+000  0.000000000000000E+000
  0.000000000000000E+000  0.000000000000000E+000  0.000000000000000E+000
  0.000000000000000E+000  0.000000000000000E+000  0.000000000000000E+000
  0.000000000000000E+000  0.000000000000000E+000  0.000000000000000E+000
  0.000000000000000E+000  0.000000000000000E+000  0.000000000000000E+000
  0.000000000000000E+000  0.000000000000000E+000  0.000000000000000E+000
  0.000000000000000E+000  0.000000000000000E+000  0.000000000000000E+000
  0.000000000000000E+000  0.000000000000000E+000  0.000000000000000E+000
  0.000000000000000E+000  0.000000000000000E+000  0.000000000000000E+000
  0.000000000000000E+000  0.000000000000000E+000  0.000000000000000E+000
  0.000000000000000E+000  0.000000000000000E+000  0.000000000000000E+000
  0.000000000000000E+000  0.000000000000000E+000  0.000000000000000E+000
  0.000000000000000E+000  0.000000000000000E+000  0.000000000000000E+000
  0.000000000000000E+000  0.000000000000000E+000  0.000000000000000E+000
  0.000000000000000E+000  0.000000000000000E+000  0.000000000000000E+000
  0.000000000000000E+000  0.000000000000000E+000  0.000000000000000E+000
  0.000000000000000E+000  0.000000000000000E+000  0.000000000000000E+000
  0.000000000000000E+000  0.000000000000000E+000  0.000000000000000E+000
   2.10057737638882      -0.499035544701355       5.459646517283393E-003
 -1.301290811905348E-004  9.949245090930429E-002 -7.766895702363155E-002
  3.833499510011429E-005 -0.154949951822926       3.841799583386683E-002
 -8.057680245737946E-002 -6.906520610103598E-005 -7.234080315848593E-002
  5.946537906934932E-002  5.302467374997359E-005  5.768152284297840E-002
   3.60191094553247       1.934976978118726E-004  5.029817442149433E-002
  -3.97053005333077       2.741605164784835E-004 -4.835471116492492E-002
   3.60435705759938      -2.146333593730705E-005  2.725383513113828E-004
  -4.10207065139618       1.197604628528890E-003   3.46774512788524     
 -4.796459527971642E-002  1.212554256610004E-003  -3.41946504987790     
   1.11769737279632      -3.368006918544703E-004  4.635603777985731E-002
   1.18684120897331      -1.220645756744642E-003  0.865948511971429     
  0.000000000000000E+000  0.000000000000000E+000  0.000000000000000E+000
  0.000000000000000E+000  0.000000000000000E+000  0.000000000000000E+000
  0.000000000000000E+000  0.000000000000000E+000  0.000000000000000E+000
  0.000000000000000E+000  0.000000000000000E+000  0.000000000000000E+000
  0.000000000000000E+000  0.000000000000000E+000  0.000000000000000E+000
  0.000000000000000E+000  0.000000000000000E+000  0.000000000000000E+000
  0.000000000000000E+000  0.000000000000000E+000  0.000000000000000E+000
  0.000000000000000E+000  0.000000000000000E+000  0.000000000000000E+000
  0.000000000000000E+000  0.000000000000000E+000  0.000000000000000E+000
  0.000000000000000E+000  0.000000000000000E+000  0.000000000000000E+000
  0.000000000000000E+000  0.000000000000000E+000  0.000000000000000E+000
  0.000000000000000E+000  0.000000000000000E+000  0.000000000000000E+000
  0.000000000000000E+000  0.000000000000000E+000  0.000000000000000E+000
  0.000000000000000E+000  0.000000000000000E+000  0.000000000000000E+000
  0.000000000000000E+000  0.000000000000000E+000  0.000000000000000E+000
  0.000000000000000E+000  0.000000000000000E+000  0.000000000000000E+000
  0.000000000000000E+000  0.000000000000000E+000  0.000000000000000E+000
  0.000000000000000E+000  0.000000000000000E+000  0.000000000000000E+000
  0.000000000000000E+000  0.000000000000000E+000  0.000000000000000E+000
  0.000000000000000E+000  0.000000000000000E+000  0.000000000000000E+000
  0.000000000000000E+000  0.000000000000000E+000  0.000000000000000E+000
  0.000000000000000E+000  0.000000000000000E+000  0.000000000000000E+000
  0.000000000000000E+000  0.000000000000000E+000  0.000000000000000E+000
  0.000000000000000E+000  0.000000000000000E+000  0.000000000000000E+000
  0.000000000000000E+000  0.000000000000000E+000  0.000000000000000E+000
  0.000000000000000E+000  0.000000000000000E+000  0.000000000000000E+000
  0.000000000000000E+000  0.000000000000000E+000  0.000000000000000E+000
  0.000000000000000E+000  0.000000000000000E+000  0.000000000000000E+000
  0.000000000000000E+000  0.000000000000000E+000  0.000000000000000E+000
  0.000000000000000E+000  0.000000000000000E+000  0.000000000000000E+000
  0.000000000000000E+000  0.000000000000000E+000  0.000000000000000E+000
  0.000000000000000E+000  0.000000000000000E+000  0.000000000000000E+000
  0.000000000000000E+000  0.000000000000000E+000  0.000000000000000E+000
  0.000000000000000E+000  0.000000000000000E+000  0.000000000000000E+000
  0.000000000000000E+000  0.000000000000000E+000  0.000000000000000E+000
  0.000000000000000E+000  0.000000000000000E+000  0.000000000000000E+000
  0.000000000000000E+000  0.000000000000000E+000  0.000000000000000E+000
  0.000000000000000E+000  0.000000000000000E+000  0.000000000000000E+000
  0.000000000000000E+000  0.000000000000000E+000  0.000000000000000E+000
  0.000000000000000E+000  0.000000000000000E+000  0.000000000000000E+000
  0.000000000000000E+000  0.000000000000000E+000  0.000000000000000E+000
  0.000000000000000E+000  0.000000000000000E+000  0.000000000000000E+000
  0.000000000000000E+000  0.000000000000000E+000  0.000000000000000E+000
  0.000000000000000E+000  0.000000000000000E+000  0.000000000000000E+000
  0.000000000000000E+000  0.000000000000000E+000  0.000000000000000E+000
